set1_score: 0.571428571429
set2_score: 0.542056074766
set3_score: 0.538461538462
Duration: 0
